 Parametros:
 T =    6.2831853071795862     
 A =    7.0000000000000000     
 B =    0.0000000000000000     
 t1 =    0.0000000000000000     
 dt =    5.0000000000000003E-002
 M =                    55
