 Parametros:
 g =   -4.0000000000000000     
 k =    1.0400000000000000     
 L =    30.000000000000000     
 N =    99.000000000000000     
 t0 =    305.00000000000000     
 tn =   -8.15177560E-17
