 Parametros:
 L =    10.000000000000000     
 a =    1.0000000000000000     
 kbT =    4.2108999999999996     
 n =   0.76439999999999997     
 h =    5.0000000000000003E-002
 b =   0.10000000000000001     
 xp =    6.0000000000000000     
