 Parametros:
 k =    4300.0000000000000     
 r =    1.0000000000000000E-002
 N =    730.00000000000000     
 t0 =    0.0000000000000000     
 tn =    365.00000000000000     
