 Parametros:
 y0 =   -3.0000000000000000     
 tmax =    20.000000000000000     
 x0 =    2.0000000000000000     
 a =    1.0000000000000000     
 b =    1.0000000000000000     
 c =    4.0000000000000000     
 d =   -2.0000000000000000     
 h =   0.20000000000000001     
