 Parametros:
 g =   -4.0000000000000000     
 k =    1.0400000000000000     
 L =    30.000000000000000     
 N =   -110295040
 t0 =    305.00000000000000     
 tn =    0.00000000    
