 Parametros:
 e =    2.7182817459106445     
 r =   0.66666666666666663     
 x0 =   0.50000000000000000     
 N =         1000
