 Parametros:
 h =   0.31415926535897931     
 q =   0.50000000000000000     
 b =    1.1499999999999999     
 w0 =   0.66666666666666663     
 x0 =    1.0000000000000000E-002
 v0 =    1.9800000000000000     
 t0 =    0.0000000000000000     
 tn =    3141.5926535897929     
