 Parametros:
 T =    6.2831853071795862     
 A =    7.0000000000000000     
 B =    2.0000000000000000     
 t1 =    1.5707963267948966     
 dt =    5.0000000000000001E-003
 M =                    30
